Date / Time (EDT)	Battery (v)	Water Temp (F)	Water Conductivity (mS/cm)	Water Salinity (ppt)	Air Temp (F)	Relative Humidity (%)	Barometric  Pressure (in/Hg)	Rainfall (in)	NAVD88 Water Level (ft)
1/1/2021 0:00	12.84	58.13	9.7	6.21	66.9	100	30.13	0	-
12/31/2020 23:54	12.89	58.13	7.3	4.68	66.5	100	30.13	0	-
12/31/2020 23:48	12.89	58.16	5.9	3.8	66.5	100	30.13	0	-
12/31/2020 23:42	12.89	58.16	11	7.06	66.2	100	30.12	0	-
12/31/2020 23:36	12.89	58.16	10.8	6.94	66	100	30.13	0	-
12/31/2020 23:30	12.89	58.16	11	7.04	65.8	100	30.13	0	-
12/31/2020 23:24	12.93	58.17	9.7	6.19	65.8	100	30.13	0	-
12/31/2020 23:18	12.89	58.13	11.7	7.47	66	100	30.13	0	-
12/31/2020 23:12	12.89	58.12	12.3	7.88	66	100	30.13	0	-
12/31/2020 23:06	12.89	58.1	12.2	7.81	66.2	100	30.12	0	-
12/31/2020 23:00	12.89	58.12	11	7.06	66.2	100	30.12	0	-
12/31/2020 22:54	12.89	58.12	12.5	8.01	66.3	100	30.12	0	-
12/31/2020 22:48	12.89	58.12	12.5	8.01	66.5	100	30.12	0	-
12/31/2020 22:42	12.89	58.11	12.4	7.94	66.9	100	30.12	0	-
12/31/2020 22:36	12.89	58.09	12.1	7.78	67.2	100	30.12	0	-
12/31/2020 22:30	12.89	58.09	11.9	7.6	67.4	100	30.12	0	-
12/31/2020 22:24	12.89	58.09	11.8	7.54	67.6	100	30.12	0	-
12/31/2020 22:18	12.91	58.09	11.6	7.45	67.8	100	30.12	0	-
12/31/2020 22:12	12.9	58.07	11.7	7.46	67.8	100	30.12	0	-
12/31/2020 22:06	12.89	58.09	11.5	7.38	67.8	100	30.12	0	-
12/31/2020 22:00	12.9	58.07	11.4	7.3	67.8	100	30.12	0	-
12/31/2020 21:54	12.9	58.06	11.5	7.37	68	100	30.12	0	-
12/31/2020 21:48	12.9	58.05	10.9	7	68	100	30.11	0	-
12/31/2020 21:42	12.93	58.04	9.5	6.09	68.1	100	30.12	0	-
12/31/2020 21:36	12.9	58.02	10.3	6.59	68.3	100	30.13	0	-
12/31/2020 21:30	12.9	58.02	11.1	7.11	68.3	100	30.13	0	-
12/31/2020 21:24	12.9	58	10.8	6.93	68.5	100	30.14	0	-
12/31/2020 21:18	12.9	57.97	10.7	6.84	68.3	100	30.13	0	-
12/31/2020 21:12	12.9	57.94	10.1	6.49	68.3	100	30.13	0	-
12/31/2020 21:06	12.91	57.95	10.2	6.51	68.5	100	30.12	0	-
12/31/2020 21:00	12.9	57.95	9.5	6.11	68.7	100	30.12	0	-
12/31/2020 20:54	12.91	57.95	12.6	8.09	68.7	100	30.12	0	-
12/31/2020 20:48	12.92	57.98	12.5	8.02	68.7	100	30.11	0	-
12/31/2020 20:42	12.91	58.02	12.4	7.91	68.7	100	30.12	0	-
12/31/2020 20:36	12.91	58.01	12.2	7.82	68.7	100	30.12	0	-
12/31/2020 20:30	12.91	57.98	12.1	7.72	68.7	99.9	30.11	0	-
12/31/2020 20:24	12.93	57.97	11.3	7.26	68.7	100	30.11	0	-
12/31/2020 20:18	12.93	57.96	8.8	5.61	68.7	99.8	30.11	0	-
12/31/2020 20:12	12.91	57.96	8.6	5.51	68.5	99.7	30.11	0	-
12/31/2020 20:06	12.91	57.98	9.1	5.82	68.5	99.7	30.11	0	-
12/31/2020 20:00	12.91	57.97	8.9	5.72	68.5	99.5	30.12	0	-
12/31/2020 19:54	12.91	57.95	8.6	5.48	68.5	99.4	30.12	0	-
12/31/2020 19:48	12.89	57.92	8.6	5.53	68.5	99.6	30.12	0	-
12/31/2020 19:42	12.92	57.85	8.5	5.41	68.3	99.7	30.11	0	-
12/31/2020 19:36	12.92	57.8	7.7	4.93	68.1	99.6	30.1	0	-
12/31/2020 19:30	12.92	57.79	7.9	5.07	68	99.5	30.09	0	-
12/31/2020 19:24	12.92	57.81	7.7	4.93	67.8	99.5	30.09	0	-
12/31/2020 19:18	12.91	57.83	7.6	4.85	67.8	99.2	30.09	0	-
12/31/2020 19:12	12.92	57.84	7.3	4.66	67.8	99	30.09	0	-
12/31/2020 19:06	12.92	57.84	7.3	4.69	68	98.9	30.08	0	-
12/31/2020 19:00	12.93	57.85	7.2	4.62	68	98.9	30.08	0	-
12/31/2020 18:54	12.92	57.87	7.1	4.52	67.8	98.9	30.08	0	-
12/31/2020 18:48	12.92	57.86	6.9	4.4	67.6	98.7	30.08	0	-
12/31/2020 18:42	12.92	57.77	6.6	4.24	67.4	98.5	30.07	0	-
12/31/2020 18:36	12.93	57.69	6.2	4	67.4	98.2	30.07	0	-
12/31/2020 18:30	12.94	57.63	5.9	3.78	67.4	98	30.07	0	-
12/31/2020 18:24	12.93	57.69	6	3.86	67.6	97.8	30.07	0	-
12/31/2020 18:18	12.95	57.61	5.8	3.7	67.8	97.5	30.07	0	-
12/31/2020 18:12	12.93	57.63	5.7	3.63	68	97.3	30.07	0	-
12/31/2020 18:06	12.93	57.66	5.5	3.5	68.1	97.1	30.07	0	-
12/31/2020 18:00	12.93	57.67	5.5	3.51	68.3	96.9	30.07	0	-
12/31/2020 17:54	12.93	57.73	5.2	3.35	68.3	96.7	30.07	0	-
12/31/2020 17:48	12.95	57.62	5.2	3.3	68.5	96.4	30.07	0	-
12/31/2020 17:42	12.94	57.56	4.6	2.96	68.7	96	30.07	0	-
12/31/2020 17:36	12.94	57.6	4.3	2.72	69	95.8	30.07	0	-
12/31/2020 17:30	12.94	57.63	4	2.56	69.4	95.3	30.07	0	-
12/31/2020 17:24	12.95	57.63	3.8	2.45	69.6	95.2	30.07	0	-
12/31/2020 17:18	12.95	57.64	3.8	2.44	69.8	95.2	30.07	0	-
12/31/2020 17:12	12.95	57.62	3.8	2.45	69.6	95.1	30.07	0	-
12/31/2020 17:06	12.96	57.62	3.6	2.31	69.4	94.9	30.07	0	-
12/31/2020 17:00	12.97	57.62	3.8	2.45	69.6	94.6	30.07	0	-
12/31/2020 16:54	12.97	57.57	4.1	2.61	69.9	94.2	30.07	0	-
12/31/2020 16:48	12.98	57.56	4.1	2.6	70.3	93.4	30.07	0	-
12/31/2020 16:42	13.04	57.51	4.6	2.93	70.7	93.4	30.06	0	-
12/31/2020 16:36	13.01	57.5	4.8	3.05	70.8	93.1	30.07	0	-
12/31/2020 16:30	13.04	57.49	4.5	2.91	70.8	92.5	30.06	0	-
12/31/2020 16:24	13.01	57.45	4.9	3.13	71.4	92.1	30.06	0	-
12/31/2020 16:18	13.01	57.43	4.9	3.14	71.7	91.5	30.06	0	-
12/31/2020 16:12	13.09	57.42	5	3.23	71.9	91	30.06	0	-
12/31/2020 16:06	14.04	57.41	5.4	3.43	72.1	90.3	30.06	0	-
12/31/2020 16:00	14.24	57.38	5.6	3.57	72.5	90.1	30.06	0	-
12/31/2020 15:54	14.25	57.36	5.8	3.73	72.5	89.8	30.06	0	-
12/31/2020 15:48	14.24	57.37	6.1	3.92	72.6	89.6	30.06	0	-
12/31/2020 15:42	14.25	57.3	6.3	4.03	72.8	89.7	30.06	0	-
12/31/2020 15:36	14.24	57.28	6.6	4.25	72.6	89.6	30.06	0	-
12/31/2020 15:30	13.2	57.24	6.8	4.34	72.8	89.2	30.06	0	-
12/31/2020 15:24	14.22	57.22	7.1	4.52	73.2	88.6	30.06	0	-
12/31/2020 15:18	14.21	57.2	7.1	4.52	73	88.9	30.06	0	-
12/31/2020 15:12	14.21	57.21	7.4	4.72	73	87.9	30.06	0	-
12/31/2020 15:06	14.2	57.17	7.6	4.89	73.2	87.8	30.06	0	-
12/31/2020 15:00	14.2	57.21	7.8	5.02	73.2	87.6	30.06	0	-
12/31/2020 14:54	14.23	57.17	8	5.15	73.5	86.9	30.06	0	-
12/31/2020 14:48	14.17	57.18	8.5	5.46	73.7	86.8	30.05	0	-
12/31/2020 14:42	14.2	57.17	8.7	5.58	73.9	86.6	30.05	0	-
12/31/2020 14:36	14.2	57.2	9.1	5.8	74.1	86.1	30.05	0	-
12/31/2020 14:30	14.2	57.17	9.2	5.87	74.1	86.1	30.05	0	-
12/31/2020 14:24	14.21	57.22	9.5	6.1	73.5	86.2	30.05	0	-
12/31/2020 14:18	14.18	57.19	9.8	6.24	73.7	85.2	30.05	0	-
12/31/2020 14:12	14.17	57.23	10	6.41	74.4	84.5	30.05	0	-
12/31/2020 14:06	14.18	57.22	10.2	6.52	74.3	85.3	30.05	0	-
12/31/2020 14:00	14.16	57.17	10.3	6.62	74.1	85.3	30.05	0	-
12/31/2020 13:54	14.15	57.14	10.7	6.84	74.3	84.7	30.05	0	-
12/31/2020 13:48	14.13	57.18	10.8	6.94	74.3	85.1	30.05	0	-
12/31/2020 13:42	14.12	57.15	10.9	6.95	73.9	85.1	30.06	0	-
12/31/2020 13:36	14.12	57.2	11.1	7.12	74.3	84.5	30.05	0	-
12/31/2020 13:30	14.13	57.22	11.3	7.22	74.1	84.6	30.05	0	-
12/31/2020 13:24	14.1	57.22	11.5	7.35	74.3	84.3	30.06	0	-
12/31/2020 13:18	14.08	57.22	11.6	7.43	75	83.1	30.06	0	-
12/31/2020 13:12	14.07	57.21	11.7	7.5	75.3	83.8	30.07	0	-
12/31/2020 13:06	14.07	57.21	11.9	7.62	75.2	83.4	30.07	0	-
12/31/2020 13:00	14.05	57.27	12.2	7.8	75.3	83.6	30.07	0	-
12/31/2020 12:54	14.09	57.31	12.4	7.91	75.2	83.6	30.07	0	-
12/31/2020 12:48	14.07	57.37	12.6	8.08	75.3	83.2	30.07	0	-
12/31/2020 12:42	14.09	57.34	13.2	8.43	75.2	83.6	30.08	0	-
12/31/2020 12:36	14.1	57.36	13.1	8.41	75.2	83.4	30.08	0	-
12/31/2020 12:30	14.1	57.38	13.3	8.53	75.2	83.5	30.08	0	-
12/31/2020 12:24	13.54	57.36	13.4	8.58	75	83.7	30.08	0	-
12/31/2020 12:18	14.12	57.41	13.6	8.69	74.6	84.2	30.08	0	-
12/31/2020 12:12	13.5	57.34	13.5	8.66	74.3	83.8	30.09	0	-
12/31/2020 12:06	13.39	57.4	13.3	8.54	74.1	83.9	30.09	0	-
12/31/2020 12:00	13.43	57.41	13.2	8.47	74.1	83.8	30.09	0	-
12/31/2020 11:54	13.6	57.44	13.4	8.56	74.3	84.3	30.1	0	-
12/31/2020 11:48	13.64	57.5	13.2	8.48	74.4	84.6	30.1	0	-
12/31/2020 11:42	13.56	57.34	13	8.32	74.3	85	30.1	0	-
12/31/2020 11:36	13.55	57.31	12.9	8.27	73.9	85.3	30.1	0	-
12/31/2020 11:30	13.54	57.2	13.4	8.59	74.1	85.7	30.1	0	-
12/31/2020 11:24	13.47	56.92	13.8	8.85	73.9	85.8	30.11	0	-
12/31/2020 11:18	13.49	56.89	13.9	8.88	73.7	86.1	30.11	0	-
12/31/2020 11:12	13.44	56.88	13.8	8.86	73.7	86.5	30.11	0	-
12/31/2020 11:06	13.45	56.87	13.9	8.9	73.4	86.9	30.12	0	-
12/31/2020 11:00	13.47	56.85	13.7	8.8	73.2	87.6	30.12	0	-
12/31/2020 10:54	13.44	56.85	13.8	8.82	73	87.8	30.12	0	-
12/31/2020 10:48	13.39	56.87	13.8	8.81	73	88.1	30.12	0	-
12/31/2020 10:42	13.42	56.85	13.9	8.91	72.8	88.5	30.12	0	-
12/31/2020 10:36	13.4	56.86	14	8.98	72.6	89.2	30.12	0	-
12/31/2020 10:30	13.39	56.84	13.8	8.85	72.5	89.7	30.12	0	-
12/31/2020 10:24	13.37	56.84	14	8.97	72.3	90.4	30.12	0	-
12/31/2020 10:18	13.26	56.83	13.9	8.9	71.9	90.8	30.12	0	-
12/31/2020 10:12	13.34	56.82	13.9	8.87	71.6	91.7	30.13	0	-
12/31/2020 10:06	13.21	56.81	13.8	8.81	71.4	92.1	30.13	0	-
12/31/2020 10:00	13.25	56.81	14.1	9.03	71.4	92.5	30.13	0	-
12/31/2020 9:54	13.23	56.79	13.8	8.82	71.2	92.8	30.13	0	-
12/31/2020 9:48	13.32	56.77	13.6	8.73	71.4	93	30.13	0	-
12/31/2020 9:42	13.34	56.74	12.8	8.18	71	93.7	30.12	0	-
12/31/2020 9:36	13.27	56.69	13.2	8.45	70.7	94.1	30.12	0	-
12/31/2020 9:30	13.26	56.64	13	8.35	70.7	94.3	30.13	0	-
12/31/2020 9:24	13.32	56.62	13	8.3	70.5	94.7	30.12	0	-
12/31/2020 9:18	13.3	56.56	12.9	8.27	70.1	95.1	30.12	0	-
12/31/2020 9:12	13.27	56.54	12.8	8.21	69.9	95.7	30.12	0	-
12/31/2020 9:06	13.24	56.47	12.6	8.04	69.4	96.3	30.12	0	-
12/31/2020 9:00	13.2	56.37	12.2	7.81	69	97.2	30.12	0	-
12/31/2020 8:54	13.17	56.32	12.3	7.87	68.7	98	30.12	0	-
12/31/2020 8:48	13.06	56.23	12	7.66	68.1	98.8	30.12	0	-
12/31/2020 8:42	12.91	56.18	11.8	7.58	67.6	99.5	30.12	0	-
12/31/2020 8:36	12.78	56.14	11.5	7.36	67.2	99.8	30.12	0	-
12/31/2020 8:30	12.79	56.1	11.5	7.35	66.9	99.9	30.11	0	-
12/31/2020 8:24	12.76	56.05	11.1	7.08	66.9	100	30.11	0	-
12/31/2020 8:18	12.75	56	10.9	6.98	67.1	100	30.11	0	-
12/31/2020 8:12	12.74	55.93	10.6	6.75	67.1	100	30.1	0	-
12/31/2020 8:06	12.74	55.9	10.4	6.63	67.1	100	30.11	0	-
12/31/2020 8:00	12.73	55.85	10.1	6.46	66.9	100	30.1	0	-
12/31/2020 7:54	12.73	55.82	9.9	6.31	66.7	100	30.1	0	-
12/31/2020 7:48	12.73	55.76	9.6	6.14	66.7	100	30.1	0	-
12/31/2020 7:42	12.74	55.74	9.7	6.18	66.7	100	30.1	0	-
12/31/2020 7:36	12.73	55.64	9	5.77	66.9	100	30.1	0	-
12/31/2020 7:30	12.73	55.61	8.9	5.72	66.9	100	30.1	0	-
12/31/2020 7:24	12.72	55.58	9	5.77	66.9	100	30.1	0	-
12/31/2020 7:18	12.73	55.53	8.5	5.47	66.7	100	30.1	0	-
12/31/2020 7:12	12.73	55.51	8.5	5.46	66.5	100	30.09	0	-
12/31/2020 7:06	-	-	-	-	-	-	-	-	-
12/31/2020 7:00	12.73	55.48	8.1	5.21	66.15	100	30.09	0	-
12/31/2020 6:54	12.74	55.43	7.3	4.67	66	100	30.09	0	-
12/31/2020 6:48	12.74	55.38	6.9	4.45	66	100	30.09	0	-
12/31/2020 6:42	12.73	55.35	7.1	4.53	66	100	30.09	0	-
12/31/2020 6:36	12.73	55.3	6.9	4.44	66	100	30.09	0	-
12/31/2020 6:30	12.73	55.27	6.6	4.22	65.8	100	30.09	0	-
12/31/2020 6:24	12.73	55.26	6.4	4.06	65.8	100	30.09	0	-
12/31/2020 6:18	12.73	55.25	6.1	3.92	65.8	100	30.09	0	-
12/31/2020 6:12	12.73	55.24	5.9	3.78	65.6	100	30.08	0	-
12/31/2020 6:06	12.73	55.23	4.7	3.01	65.4	100	30.08	0	-
12/31/2020 6:00	12.73	55.2	5.7	3.65	65.4	100	30.08	0	-
12/31/2020 5:54	12.73	55.14	5.4	3.43	65.3	100	30.08	0	-
12/31/2020 5:48	12.73	55.1	5.2	3.31	64.9	100	30.08	0	-
12/31/2020 5:42	12.75	55.09	4.9	3.11	64.7	100	30.08	0	-
12/31/2020 5:36	12.73	55.09	4.8	3.07	64.7	100	30.08	0	-
12/31/2020 5:30	12.74	55.1	4.6	2.91	64.7	100	30.07	0	-
12/31/2020 5:24	12.75	55.12	4.4	2.84	64.5	100	30.07	0	-
12/31/2020 5:18	12.74	55.09	4.2	2.68	64.4	100	30.07	0	-
12/31/2020 5:12	12.74	55.09	4.2	2.68	64.2	100	30.07	0	-
12/31/2020 5:06	12.74	55.05	3.9	2.49	64.2	100	30.07	0	-
12/31/2020 5:00	12.69	54.98	3.4	2.18	64.4	100	30.07	0	-
12/31/2020 4:54	12.74	54.96	3.2	2.03	64.7	100	30.07	0	-
12/31/2020 4:48	12.74	54.93	3	1.94	64.7	100	30.07	0	-
12/31/2020 4:42	12.74	54.92	2.9	1.83	64.9	100	30.07	0	-
12/31/2020 4:36	12.74	54.93	2.8	1.79	65.1	100	30.08	0	-
12/31/2020 4:30	12.74	54.92	2.3	1.5	65.3	100	30.08	0	-
12/31/2020 4:24	12.74	54.91	3.4	2.21	65.1	100	30.08	0	-
12/31/2020 4:18	12.74	54.92	3.9	2.47	65.1	100	30.08	0	-
12/31/2020 4:12	12.74	54.91	3.7	2.4	65.1	100	30.09	0	-
12/31/2020 4:06	12.74	54.9	3.7	2.39	65.1	100	30.09	0	-
12/31/2020 4:00	12.74	54.9	2.7	1.7	65.1	100	30.09	0	-
12/31/2020 3:54	12.74	54.91	1.6	1.01	65.1	100	30.09	0	-
12/31/2020 3:48	12.74	54.9	1.8	1.13	64.9	100	30.09	0	-
12/31/2020 3:42	12.75	54.91	1.8	1.15	64.5	100	30.09	0	-
12/31/2020 3:36	12.74	54.9	2.2	1.39	64.5	100	30.09	0	-
12/31/2020 3:30	12.75	54.9	2.3	1.45	64.5	100	30.09	0	-
12/31/2020 3:24	12.74	54.9	2.2	1.38	64.4	100	30.09	0	-
12/31/2020 3:18	12.74	54.9	2.3	1.44	64.4	100	30.09	0	-
12/31/2020 3:12	12.74	54.89	2.2	1.41	64.5	100	30.09	0	-
12/31/2020 3:06	12.74	54.89	1.7	1.1	64.5	100	30.09	0	-
12/31/2020 3:00	12.77	54.88	2.3	1.5	64.4	100	30.08	0	-
12/31/2020 2:54	12.74	54.88	0.6	0.37	64.2	100	30.08	0	-
12/31/2020 2:48	12.74	54.89	3.1	1.99	63.8	100	30.08	0	-
12/31/2020 2:42	12.75	54.88	3.2	2.07	63.8	100	30.08	0	-
12/31/2020 2:36	12.74	54.89	3.5	2.25	63.5	100	30.09	0	-
12/31/2020 2:30	12.75	54.91	3.8	2.41	63.3	100	30.09	0	-
12/31/2020 2:24	12.75	54.93	3.8	2.41	63.5	100	30.09	0	-
12/31/2020 2:18	12.75	54.93	4	2.55	63.6	100	30.09	0	-
12/31/2020 2:12	12.76	54.95	4.3	2.76	63.5	100	30.09	0	-
12/31/2020 2:06	12.75	54.97	4.5	2.86	63.5	100	30.09	0	-
12/31/2020 2:00	12.76	54.97	4.8	3.05	63.5	100	30.09	0	-
12/31/2020 1:54	12.76	55	5	3.18	63.3	100	30.09	0	-
12/31/2020 1:48	12.75	55.04	5.2	3.36	63.3	100	30.09	0	-
12/31/2020 1:42	12.75	55.05	5.2	3.35	63.1	100	30.1	0	-
12/31/2020 1:36	12.75	55.08	5.8	3.74	63.1	100	30.1	0	-
12/31/2020 1:30	12.75	55.11	4.8	3.07	62.9	100	30.1	0	-
12/31/2020 1:24	12.76	55.14	5.3	3.4	62.9	100	30.11	0	-
12/31/2020 1:18	12.75	55.17	4.5	2.85	62.7	100	30.11	0	-
12/31/2020 1:12	12.75	55.2	5.8	3.68	62.6	100	30.11	0	-
12/31/2020 1:06	12.79	55.24	5.4	3.48	62.6	100	30.11	0	-
12/31/2020 1:00	12.76	55.28	7.1	4.53	62	100	30.11	0	-
12/31/2020 0:54	12.75	55.3	6.5	4.16	61.5	100	30.11	0	-
12/31/2020 0:48	12.76	55.34	5.3	3.4	61.1	100	30.11	0	-
12/31/2020 0:42	12.75	55.37	6.9	4.42	60.8	100	30.11	0	-
12/31/2020 0:36	12.77	55.42	6.3	4.02	60.8	100	30.11	0	-
12/31/2020 0:30	12.76	55.53	7.1	4.52	61.1	100	30.11	0	-
12/31/2020 0:24	12.75	55.46	7	4.47	61.8	100	30.11	0	-
12/31/2020 0:18	12.79	55.5	4.5	2.9	62.2	100	30.12	0	-
12/31/2020 0:12	12.76	55.58	4.8	3.04	62	100	30.12	0	-
12/31/2020 0:06	12.77	55.61	3.9	2.49	61.7	100	30.12	0	-
12/31/2020 0:00	12.72	55.63	5.2	3.35	61.3	100	30.12	0	-
12/30/2020 23:54	12.76	55.68	10.2	6.53	61.5	100	30.12	0	-
12/30/2020 23:48	12.76	55.72	10.4	6.67	61.1	100	30.12	0	-
12/30/2020 23:42	12.77	55.71	10.4	6.66	60.8	100	30.12	0	-
12/30/2020 23:36	12.77	55.68	10.2	6.5	60.6	100	30.13	0	-
12/30/2020 23:30	12.77	55.57	10.3	6.6	60.6	100	30.12	0	-
12/30/2020 23:24	12.79	55.83	11.2	7.14	60.9	100	30.12	0	-
12/30/2020 23:18	12.77	55.79	10.8	6.9	60.8	100	30.12	0	-
12/30/2020 23:12	12.79	55.84	10.7	6.82	60.9	100	30.13	0	-
12/30/2020 23:06	12.76	55.79	10.6	6.81	60.9	100	30.13	0	-
12/30/2020 23:00	12.78	55.71	8.6	5.51	61.3	100	30.13	0	-
12/30/2020 22:54	12.78	55.5	8.8	5.63	61.8	100	30.13	0	-
12/30/2020 22:48	12.78	55.5	8.9	5.7	62	100	30.13	0	-
12/30/2020 22:42	12.79	55.69	9.6	6.14	61.5	100	30.13	0	-
12/30/2020 22:36	12.79	55.86	10.2	6.52	61.8	100	30.13	0	-
12/30/2020 22:30	12.8	56.04	11	7.05	62	100	30.14	0	-
12/30/2020 22:24	12.8	56.19	11.7	7.46	62	100	30.14	0	-
12/30/2020 22:18	12.8	56.17	11.5	7.38	62.6	100	30.14	0	-
12/30/2020 22:12	12.8	56.19	11.6	7.4	62.6	100	30.14	0	-
12/30/2020 22:06	12.8	56.17	10.7	6.88	62.7	100	30.14	0	-
12/30/2020 22:00	12.8	56.17	12.1	7.77	62.9	100	30.14	0	-
12/30/2020 21:54	12.8	56.16	12.1	7.75	62.9	100	30.14	0	-
12/30/2020 21:48	12.81	56.14	12.1	7.74	63.1	100	30.14	0	-
12/30/2020 21:42	12.81	56.13	11.8	7.54	63.1	100	30.15	0	-
12/30/2020 21:36	12.81	56.12	11.6	7.44	63.5	100	30.14	0	-
12/30/2020 21:30	12.82	56.09	11.6	7.41	63.6	100	30.15	0	-
12/30/2020 21:24	12.82	56.07	11	7.06	63.3	100	30.15	0	-
12/30/2020 21:18	12.83	56.03	10.3	6.6	62.9	100	30.15	0	-
12/30/2020 21:12	12.82	56.01	10.9	6.97	62.9	100	30.15	0	-
12/30/2020 21:06	12.82	55.98	10.9	6.96	62.7	100	30.15	0	-
12/30/2020 21:00	12.83	55.95	10.8	6.93	62.9	100	30.15	0	-
12/30/2020 20:54	12.83	55.92	10.6	6.76	62.4	100	30.15	0	-
12/30/2020 20:48	12.84	55.89	10.1	6.49	62.9	100	30.15	0	-
12/30/2020 20:42	12.84	55.87	9.9	6.36	62.4	100	30.15	0	-
12/30/2020 20:36	12.84	55.84	10.4	6.64	62	100	30.15	0	-
12/30/2020 20:30	12.84	55.81	10.1	6.47	61.5	100	30.15	0	-
12/30/2020 20:24	12.85	55.71	10.1	6.45	61.3	100	30.15	0	-
12/30/2020 20:18	12.86	55.68	10	6.38	61.5	100	30.15	0	-
12/30/2020 20:12	12.86	55.65	9.7	6.24	61.8	100	30.15	0	-
12/30/2020 20:06	12.85	55.59	9.3	5.97	61.3	100	30.15	0	-
12/30/2020 20:00	12.86	55.58	9.1	5.83	61.3	100	30.15	0	-
12/30/2020 19:54	12.88	55.55	9.1	5.81	61.1	100	30.15	0	-
12/30/2020 19:48	12.89	55.52	8.7	5.6	61.3	100	30.15	0	-
12/30/2020 19:42	12.88	55.49	8.6	5.49	61.1	100	30.15	0	-
12/30/2020 19:36	12.87	55.47	8.5	5.45	61.1	100	30.15	0	-
12/30/2020 19:30	12.87	55.45	8.3	5.33	61.1	100	30.15	0	-
12/30/2020 19:24	12.87	55.45	8.2	5.25	60.9	100	30.15	0	-
12/30/2020 19:18	12.89	55.43	8.3	5.3	61.1	100	30.15	0	-
12/30/2020 19:12	12.88	55.4	7.7	4.91	61.1	100	30.15	0	-
12/30/2020 19:06	12.88	55.36	7.5	4.81	61.3	100	30.15	0	-
12/30/2020 19:00	12.88	55.34	7.3	4.66	61.5	100	30.15	0	-
12/30/2020 18:54	12.88	55.32	7	4.48	61.5	100	30.15	0	-
12/30/2020 18:48	12.83	55.3	6.8	4.35	61.8	100	30.15	0	-
12/30/2020 18:42	12.89	55.3	6.1	3.91	62	100	30.14	0	-
12/30/2020 18:36	12.89	55.29	6.5	4.15	62.2	100	30.14	0	-
12/30/2020 18:30	12.89	55.23	6.3	4.04	62.4	100	30.15	0	-
12/30/2020 18:24	12.89	55.19	6.1	3.89	62.6	100	30.15	0	-
12/30/2020 18:18	12.89	55.13	5.3	3.42	63.1	100	30.15	0	-
12/30/2020 18:12	12.89	55.12	5.3	3.36	63.5	100	30.15	0	-
12/30/2020 18:06	12.93	55.14	5.3	3.41	63.3	100	30.15	0	-
12/30/2020 18:00	12.89	55.15	5.2	3.34	63.5	100	30.15	0	-
12/30/2020 17:54	12.9	55.15	5	3.23	63.5	100	30.15	0	-
12/30/2020 17:48	12.92	55.13	4.9	3.14	63.6	100	30.15	0	-
12/30/2020 17:42	12.9	55.07	4.3	2.76	63.8	100	30.15	0	-
12/30/2020 17:36	12.91	55.13	4.3	2.78	64.2	100	30.15	0	-
12/30/2020 17:30	12.91	55.1	4.5	2.87	64.5	100	30.15	0	-
12/30/2020 17:24	12.92	55.05	4.3	2.74	64.7	100	30.15	0	-
12/30/2020 17:18	12.92	55.13	4.1	2.6	64.7	100	30.15	0	-
12/30/2020 17:12	12.92	55.12	3.7	2.37	64.5	100	30.15	0	-
12/30/2020 17:06	12.93	54.93	3.3	2.14	64.4	100	30.16	0	-
12/30/2020 17:00	12.93	54.89	2.7	1.7	64.4	100	30.17	0	-
12/30/2020 16:54	12.95	54.91	2.4	1.53	64.4	100	30.17	0	-
12/30/2020 16:48	12.95	54.93	2.5	1.59	64.2	99.7	30.17	0	-
12/30/2020 16:42	12.96	54.92	2.4	1.52	64.4	99.1	30.17	0	-
12/30/2020 16:36	12.97	54.91	2.6	1.66	64.7	98.7	30.17	0	-
12/30/2020 16:30	12.97	54.94	2.4	1.51	64.7	98.1	30.17	0	-
12/30/2020 16:24	12.97	54.89	-0.8	-0.51	64.4	96.9	30.16	0	-
12/30/2020 16:18	12.98	54.87	2.3	1.49	64.5	96.7	30.15	0	-
12/30/2020 16:12	12.99	54.86	2.5	1.62	64.5	96.5	30.15	0	-
12/30/2020 16:06	13.01	54.86	2.6	1.67	64.5	96.5	30.15	0	-
12/30/2020 16:00	13.04	54.85	2.7	1.7	64.5	96.4	30.15	0	-
12/30/2020 15:54	13.05	54.84	3	1.89	64.5	96.3	30.15	0	-
12/30/2020 15:48	13.09	54.91	3.3	2.13	64.4	96.5	30.16	0	-
12/30/2020 15:42	13.08	54.91	3.6	2.27	64.4	96.1	30.16	0	-
12/30/2020 15:36	13.06	54.84	3.3	2.13	64.4	95.9	30.16	0	-
12/30/2020 15:30	13.08	54.84	3.8	2.41	64.5	95.5	30.16	0	-
12/30/2020 15:24	13.13	54.83	3.7	2.38	64.7	95.4	30.17	0	-
12/30/2020 15:18	13.13	54.88	4	2.58	65.1	94.3	30.17	0	-
12/30/2020 15:12	13.13	54.89	4.2	2.67	65.8	94.2	30.17	0	-
12/30/2020 15:06	13.18	54.86	4.6	2.92	66.2	93.9	30.17	0	-
12/30/2020 15:00	13.25	54.94	4.8	3.1	66.2	93.9	30.18	0	-
12/30/2020 14:54	13.26	55.01	5.1	3.24	66.2	94	30.17	0	-
12/30/2020 14:48	13.21	55.07	5.3	3.37	66.2	94	30.17	0	-
12/30/2020 14:42	13.31	55.05	5.5	3.51	66.2	93.9	30.17	0	-
12/30/2020 14:36	13.27	55.07	5.3	3.4	66.3	93.6	30.17	0	-
12/30/2020 14:30	13.23	55.19	6.2	3.96	66.7	93.6	30.18	0	-
12/30/2020 14:24	13.32	55.14	6.4	4.1	66.7	94.4	30.18	0	-
12/30/2020 14:18	13.38	55.07	6.4	4.11	66	94.7	30.18	0	-
12/30/2020 14:12	13.43	55.01	6.6	4.24	65.8	95.6	30.18	0	-
12/30/2020 14:06	13.21	54.97	7	4.47	65.4	95.5	30.18	0	-
12/30/2020 14:00	13.17	54.93	7.2	4.61	65.8	95.5	30.18	0	-
12/30/2020 13:54	13.24	54.89	7.2	4.6	65.8	95.4	30.19	0	-
12/30/2020 13:48	13.17	54.88	7.5	4.8	65.8	94.4	30.19	0	-
12/30/2020 13:42	13.14	54.91	7.8	5.01	66.2	93.7	30.19	0	-
12/30/2020 13:36	13.1	54.9	8.1	5.18	66.9	94	30.19	0	-
12/30/2020 13:30	13.08	54.95	8.3	5.32	67.1	93.7	30.19	0	-
12/30/2020 13:24	13.12	55.01	8.5	5.46	67.1	94.1	30.2	0	-
12/30/2020 13:18	13.22	55.11	9	5.75	67.1	94.1	30.2	0	-
12/30/2020 13:12	13.17	55.17	9.4	6.02	66.9	93.3	30.2	0	-
12/30/2020 13:06	13.21	55.21	9.8	6.29	67.1	93.1	30.2	0	-
12/30/2020 13:00	13.21	55.33	10	6.39	67.8	92.3	30.2	0	-
12/30/2020 12:54	13.19	55.41	10.3	6.6	68.3	92.6	30.21	0	-
12/30/2020 12:48	13.19	55.3	10.3	6.6	68	92.5	30.21	0	-
12/30/2020 12:42	13.28	55.52	10.9	6.96	68.3	92.6	30.21	0	-
12/30/2020 12:36	13.36	55.59	11.1	7.1	68.1	93.1	30.22	0	-
12/30/2020 12:30	13.4	55.65	11.4	7.29	68.1	92.7	30.22	0	-
12/30/2020 12:24	13.26	55.74	11.8	7.54	68.3	93.5	30.23	0	-
12/30/2020 12:18	13.32	55.68	12.1	7.73	68.1	93.6	30.23	0	-
12/30/2020 12:12	13.31	55.61	12	7.66	68	93.8	30.23	0	-
12/30/2020 12:06	13.33	55.74	12.3	7.87	67.8	94.2	30.24	0	-
12/30/2020 12:00	13.28	55.83	12.5	8.02	67.6	94.9	30.24	0	-
12/30/2020 11:54	13.21	55.77	12.6	8.04	67.2	95.7	30.25	0	-
12/30/2020 11:48	13.22	55.84	12.6	8.04	66.7	96	30.25	0	-
12/30/2020 11:42	13.17	55.87	12.7	8.1	66.5	96.3	30.26	0	-
12/30/2020 11:36	13.12	55.94	12.5	7.99	66.3	97.1	30.26	0	-
12/30/2020 11:30	13.06	56.03	12.9	8.28	66.2	97.4	30.26	0	-
12/30/2020 11:24	13.06	56.06	13.2	8.44	65.8	97.8	30.27	0	-
12/30/2020 11:18	12.89	56.02	13.2	8.45	65.6	97.8	30.27	0	-
12/30/2020 11:12	12.89	55.99	13.1	8.41	65.6	98.4	30.27	0	-
12/30/2020 11:06	12.9	55.99	13.2	8.42	65.4	99.1	30.27	0	-
12/30/2020 11:00	12.92	55.78	12.2	7.8	64.9	100	30.27	0	-
12/30/2020 10:54	12.95	55.61	8.2	5.22	64.2	100	30.28	0	-
12/30/2020 10:48	12.91	55.45	9.1	5.79	63.1	100	30.28	0	-
12/30/2020 10:42	12.88	55.43	11.1	7.08	62.9	99.9	30.28	0	-
12/30/2020 10:36	12.86	55.69	12	7.7	62.7	100	30.28	0	-
12/30/2020 10:30	12.88	56.15	14.3	9.17	62.6	100	30.28	0	-
12/30/2020 10:24	12.89	56.16	14.4	9.2	62.4	100	30.28	0	-
12/30/2020 10:18	12.91	56.16	14	8.95	62	100	30.28	0	-
12/30/2020 10:12	12.94	56.16	13.6	8.68	62	100	30.28	0	-
12/30/2020 10:06	12.98	56.18	13.6	8.71	61.8	100	30.28	0	-
12/30/2020 10:00	13.01	56.18	13.6	8.7	61.8	100	30.28	0	-
12/30/2020 9:54	12.99	56.16	13.6	8.69	61.5	100	30.28	0	-
12/30/2020 9:48	12.89	56.13	14.1	9	61.5	100	30.28	0	-
12/30/2020 9:42	12.86	56.12	14	8.94	61.7	100	30.28	0	-
12/30/2020 9:36	12.95	56.1	14	8.97	61.7	100	30.28	0	-
12/30/2020 9:30	12.97	56.08	14	8.94	61.5	100	30.28	0	-
12/30/2020 9:24	12.89	56.06	13.9	8.89	61.3	100	30.28	0	-
12/30/2020 9:18	12.82	56.03	13.9	8.91	61.1	100	30.28	0	-
12/30/2020 9:12	12.84	56	13.8	8.85	60.9	100	30.27	0	-
12/30/2020 9:06	12.84	55.97	13.6	8.73	60.8	100	30.27	0	-
12/30/2020 9:00	-	-	-	-	-	-	-	-	-
12/30/2020 8:54	12.79	55.91	13.6	8.73	61.1	100	30.27	0	-
12/30/2020 8:48	12.77	55.86	13	8.3	60.8	100	30.27	0	-
12/30/2020 8:42	12.78	55.81	12.9	8.26	60.4	100	30.27	0	-
12/30/2020 8:36	12.78	55.75	13	8.32	60	100	30.27	0	-
12/30/2020 8:30	12.77	55.69	12.9	8.23	60	100	30.27	0	-
12/30/2020 8:24	12.79	55.62	12.6	8.03	60	100	30.26	0	-
12/30/2020 8:18	12.77	55.55	12.4	7.96	60	100	30.26	0	-
12/30/2020 8:12	12.78	55.46	12.7	8.15	60	100	30.26	0	-
12/30/2020 8:06	12.77	55.36	12.3	7.87	60	100	30.25	0	-
12/30/2020 8:00	12.77	55.23	11.9	7.62	60.2	100	30.26	0	-
12/30/2020 7:54	12.77	55.14	11.2	7.16	60.2	100	30.25	0	-
12/30/2020 7:48	12.77	55	10.9	6.97	60.2	100	30.25	0	-
12/30/2020 7:42	12.77	54.9	10.8	6.88	60.2	100	30.25	0	-
12/30/2020 7:36	12.77	54.83	10.6	6.8	60.2	100	30.25	0	-
12/30/2020 7:30	12.76	54.78	10.5	6.69	60.4	100	30.26	0	-
12/30/2020 7:24	12.76	54.68	10.1	6.44	60.4	100	30.25	0	-
12/30/2020 7:18	12.79	54.62	9.7	6.22	60.2	100	30.25	0	-
12/30/2020 7:12	12.79	54.56	9.5	6.1	60.2	100	30.25	0	-
12/30/2020 7:06	12.77	54.52	9.5	6.06	60	100	30.25	0	-
12/30/2020 7:00	12.77	54.47	9	5.76	60.2	100	30.25	0	-
12/30/2020 6:54	12.77	54.41	8.8	5.64	60.2	100	30.25	0	-
12/30/2020 6:48	12.77	54.36	8.7	5.6	60	100	30.25	0	-
12/30/2020 6:42	12.77	54.29	8.5	5.41	60.2	100	30.24	0	-
12/30/2020 6:36	12.77	54.22	8.2	5.22	60.2	100	30.24	0	-
12/30/2020 6:30	12.77	54.18	8	5.13	60.2	100	30.24	0	-
12/30/2020 6:24	12.78	54.13	7.5	4.79	60.2	100	30.24	0	-
12/30/2020 6:18	12.79	54.12	7.5	4.77	60.2	100	30.24	0	-
12/30/2020 6:12	12.79	54.1	7.2	4.61	60.2	100	30.24	0	-
12/30/2020 6:06	12.78	54.07	6.6	4.25	60.4	100	30.24	0	-
12/30/2020 6:00	12.78	54.03	6.3	4.04	60.4	100	30.24	0	-
12/30/2020 5:54	12.78	53.98	5.9	3.77	60.4	100	30.24	0	-
12/30/2020 5:48	12.78	53.93	6.1	3.89	60.4	100	30.24	0	-
12/30/2020 5:42	12.78	53.91	5.8	3.73	60.2	100	30.24	0	-
12/30/2020 5:36	12.78	53.9	5.6	3.55	60	100	30.24	0	-
12/30/2020 5:30	12.79	53.86	5.3	3.41	60	100	30.24	0	-
12/30/2020 5:24	12.78	53.83	4.9	3.14	60	100	30.25	0	-
12/30/2020 5:18	12.79	53.8	4.8	3.05	60.2	100	30.24	0	-
12/30/2020 5:12	12.8	53.77	4.6	2.93	60.6	100	30.24	0	-
12/30/2020 5:06	12.78	53.71	4.2	2.71	60.2	100	30.24	0	-
12/30/2020 5:00	12.79	53.66	3.7	2.37	60	100	30.24	0	-
12/30/2020 4:54	12.8	53.64	3.2	2.08	59.7	100	30.24	0	-
12/30/2020 4:48	12.79	53.64	3.4	2.15	59.5	100	30.24	0	-
12/30/2020 4:42	12.8	53.63	3.4	2.15	59.3	100	30.24	0	-
12/30/2020 4:36	12.8	53.62	2.8	1.81	59.3	100	30.24	0	-
12/30/2020 4:30	12.8	53.62	2.8	1.79	59.3	100	30.24	0	-
12/30/2020 4:24	12.8	53.6	3	1.89	59.1	100	30.24	0	-
12/30/2020 4:18	12.8	53.56	2.2	1.41	59.3	100	30.24	0	-
12/30/2020 4:12	12.81	53.51	1.9	1.24	59.7	100	30.24	0	-
12/30/2020 4:06	12.8	53.47	1.9	1.19	60.2	100	30.24	0	-
12/30/2020 4:00	12.8	53.45	1.6	1.03	60.4	100	30.24	0	-
12/30/2020 3:54	12.8	53.43	1.4	0.91	60.6	100	30.24	0	-
12/30/2020 3:48	12.82	53.43	1.6	0.99	60.8	100	30.24	0	-
12/30/2020 3:42	12.81	53.44	1.4	0.9	60.8	100	30.24	0	-
12/30/2020 3:36	12.81	53.42	1	0.61	60.8	100	30.24	0	-
12/30/2020 3:30	12.82	53.42	0	0.01	60.4	100	30.24	0	-
12/30/2020 3:24	12.84	53.4	0.5	0.32	60.2	100	30.24	0	-
12/30/2020 3:18	12.84	53.4	0.4	0.29	59.9	100	30.25	0	-
12/30/2020 3:12	12.82	53.4	0.5	0.32	59.7	100	30.25	0	-
12/30/2020 3:06	12.82	53.4	0.4	0.26	59.5	100	30.25	0	-
12/30/2020 3:00	12.82	53.41	0.5	0.32	59.5	100	30.25	0	-
12/30/2020 2:54	12.84	53.4	0.4	0.28	59.3	100	30.25	0	-
12/30/2020 2:48	12.83	53.41	0.5	0.33	59.7	100	30.25	0	-
12/30/2020 2:42	12.83	53.41	0.7	0.44	59.9	100	30.25	0	-
12/30/2020 2:36	12.85	53.41	0.7	0.46	60.2	100	30.25	0	-
12/30/2020 2:30	12.83	53.4	0.9	0.59	60.4	100	30.25	0	-
12/30/2020 2:24	12.85	53.4	1	0.62	60.4	100	30.25	0	-
12/30/2020 2:18	12.86	53.4	1.2	0.74	60.2	100	30.25	0	-
12/30/2020 2:12	12.84	53.4	1.3	0.86	60.2	100	30.25	0	-
12/30/2020 2:06	12.84	53.41	1.7	1.08	60.2	100	30.25	0	-
12/30/2020 2:00	12.85	53.41	1.8	1.12	60.2	100	30.25	0	-
12/30/2020 1:54	12.85	53.43	2	1.28	60.2	100	30.25	0	-
12/30/2020 1:48	12.85	53.44	2.4	1.56	60.4	100	30.25	0	-
12/30/2020 1:42	12.83	53.45	2.6	1.65	60.2	100	30.25	0	-
12/30/2020 1:36	12.85	53.46	2.8	1.8	60	100	30.26	0	-
12/30/2020 1:30	12.86	53.47	3	1.89	59.7	100	30.26	0	-
12/30/2020 1:24	12.86	53.48	3.1	1.96	59.3	100	30.26	0	-
12/30/2020 1:18	12.88	53.5	3.3	2.08	59.1	100	30.26	0	-
12/30/2020 1:12	12.86	53.5	3.4	2.16	59.1	100	30.26	0	-
12/30/2020 1:06	12.86	53.52	3.6	2.29	59.1	100	30.26	0	-
12/30/2020 1:00	12.87	53.53	3.7	2.4	59	100	30.27	0	-
12/30/2020 0:54	12.87	53.54	4	2.56	59.1	100	30.27	0	-
12/30/2020 0:48	12.87	53.56	4.2	2.67	59.1	100	30.27	0	-
12/30/2020 0:42	12.88	53.59	4.4	2.84	59.3	100	30.27	0	-
12/30/2020 0:36	12.87	53.62	4.6	2.92	59.5	100	30.27	0	-
12/30/2020 0:30	12.88	53.64	4.7	3.01	59.7	100	30.27	0	-
12/30/2020 0:24	12.89	53.68	5	3.21	59.9	100	30.27	0	-
12/30/2020 0:18	12.88	53.7	5.4	3.45	60	100	30.28	0	-
12/30/2020 0:12	12.88	53.72	5.6	3.58	59.9	100	30.28	0	-
12/30/2020 0:06	12.89	53.74	5.8	3.7	60	100	30.28	0	-
12/30/2020 0:00	12.86	53.8	6.3	4	60.2	100	30.28	0	-
